[{ 'farm': [24, 25, 42, 43], 
'student_assessment': [62, 63, 67, 68, 69, 70, 71, 72, 73, 74, 99, 100, 101, 102, 103, 104, 105, 106, 107, 108], 
'book_2': [221], 
'twitter_1': [277, 278, 283, 285, 286, 289, 294, 299, 300], 
'product_catalog': [311, 312, 313, 314, 315, 316, 319, 320, 321, 322, 329, 330, 333, 334], 
'flight_1': [359, 360, 371, 372, 377, 378, 401, 402, 409, 410, 419, 420, 431, 432], 
'allergy_1': [483, 484, 485, 486, 487, 488, 495, 496, 503, 504, 505, 506, 509, 510, 513, 514, 515, 516, 517, 518, 527, 528, 529, 530, 533, 534, 535, 536], 
'journal_committee': [656], 
'customers_card_transactions': [675, 676, 683, 684, 701, 702, 709, 710, 713, 714, 725, 726, 737, 738, 741, 742, 743, 744, 745, 746], 
'race_track': [757, 758, 765, 766, 775, 776],
 'coffee_shop': [800, 801, 803],
 'insurance_fnol': [897, 898, 901, 902, 903, 904, 905, 906, 907, 908, 909, 910, 911, 912, 913, 914, 921, 922, 931, 932],
 'medicine_enzyme_interaction': [957, 958],
 'university_basketball': [989, 990, 991, 992, 993, 994, 999, 1000, 1001, 1002, 1009, 1010, 1011, 1012, 1015, 1016, 1019, 1020],
 'phone_1': [1027, 1028, 1033, 1039, 1040, 1045, 1049],
 'match_season': [1080, 1081, 1086, 1087, 1102, 1103, 1104, 1105],
 'climbing': [1126, 1127],
 'body_builder': [1161, 1167, 1170, 1172],
 'election_representative': [1176],
 'apartment_rentals': [1208, 1209, 1212, 1213, 1220, 1221, 1222, 1223, 1224, 1225, 1230, 1231, 1232, 1233, 1234, 1235, 1240, 1241, 1242, 1243, 1256, 1257, 1258, 1259, 1264, 1265],
 'game_injury': [1275, 1287],
 'performance_attendance': [1309, 1311, 1312, 1321],
 'debate': [1494, 1495, 1504, 1505],
 'insurance_and_eClaims': [1509, 1510, 1515, 1516, 1517, 1518, 1519, 1520, 1521, 1522, 1527, 1528, 1531, 1532, 1533, 1534, 1535, 1536, 1539, 1540, 1545, 1546],
 'customers_and_invoices': [1567, 1568, 1577, 1578, 1579, 1580, 1583, 1584, 1585, 1586, 1587, 1588, 1589, 1590, 1591, 1592, 1593, 1594, 1599, 1600, 1601, 1602, 1615, 1616, 1619, 1620, 1623, 1624, 1625, 1626, 1627, 1628],
 'wedding': [1639, 1641],
 'theme_gallery': [1673, 1674, 1675, 1676, 1687, 1688],
 'epinions_1': [1690, 1693, 1697, 1698, 1700, 1704, 1707, 1708, 1712, 1713, 1715, 1716, 1717, 1718],
 'riding_club': [1726, 1730],
 'gymnast': [1756, 1757, 1758, 1759],
 'small_bank_1': [1776, 1777, 1780, 1781, 1784, 1785, 1786, 1787, 1788, 1789, 1794, 1795, 1798, 1799, 1800, 1801, 1806, 1807, 1808, 1809, 1812, 1813, 1818, 1819, 1822, 1823],
 'browser_web': [1829, 1835, 1843],
 'wrestler': [1876, 1877, 1882, 1883],
 'school_finance': [1888, 1889, 1892, 1893, 1894, 1895, 1896, 1905, 1906, 1907, 1908],
 'protein_institute': [1914, 1917, 1920, 1926, 1928, 1929],
 'cinema': [1935, 1950, 1951, 1952, 1953, 1955, 1958, 1959],
 'products_for_hire': [1962, 1965, 1970, 1971, 1974],
 'phone_market': [1990, 1991, 1992],
 'gas_company': [2007, 2008, 2009, 2010, 2023, 2024],
 'party_people': [2041, 2042, 2063, 2064, 2081, 2082],
 'pilot_record': [],
 'cre_Doc_Control_Systems': [2110, 2111, 2115, 2116, 2117, 2119, 2124, 2125, 2127, 2129, 2130],
 'company_1': [2134],
 'local_govt_in_alabama': [2145, 2148, 2152],
 'machine_repair': [],
 'entrepreneur': [2281, 2282],
 'perpetrator': [2304, 2312],
 'csu_1': [2336, 2337, 2338, 2339, 2340, 2341, 2342, 2343, 2346, 2347, 2348, 2349, 2352, 2353, 2356, 2357, 2358, 2359, 2360, 2361, 2362, 2363, 2368, 2369, 2370, 2371, 2372, 2373, 2378, 2379, 2380, 2381, 2382, 2383, 2384, 2385, 2386, 2387, 2388, 2389, 2390, 2391],
 'candidate_poll': [2412, 2413, 2414, 2415, 2416, 2417, 2418, 2419, 2422, 2423, 2428, 2429, 2430, 2431, 2432, 2433],
 'movie_1': [2448, 2449, 2454, 2455, 2456, 2457, 2460, 2461, 2462, 2463, 2464, 2465, 2466, 2467, 2468, 2469, 2470, 2471, 2472, 2473, 2480, 2481, 2482, 2483, 2486, 2487, 2488, 2489, 2490, 2491, 2494, 2495, 2496, 2497, 2498, 2499, 2500, 2501, 2502, 2503, 2504, 2505, 2506, 2507, 2508, 2509, 2514, 2515, 2518, 2519, 2522, 2523],
 'county_public_safety': [2554, 2555, 2556, 2557, 2568, 2569],
 'inn_1': [2582, 2583, 2588, 2589, 2596, 2597, 2598, 2599, 2600, 2601, 2620, 2621, 2626, 2627, 2634, 2635],
 'local_govt_mdm': [2654],
 'party_host': [],
 'storm_record': [2704, 2705, 2708, 2709, 2710, 2711, 2718, 2719],
 'election': [2756, 2757, 2762, 2763, 2796, 2797],
 'news_report': [2806, 2811, 2814, 2818],
 'restaurant_1': [2831, 2832, 2833, 2836, 2837, 2838, 2839, 2840, 2841],
 'customer_deliveries': [2843, 2850, 2856, 2857],
 'icfp_1': [2864, 2865, 2866, 2867, 2868, 2869, 2870, 2871, 2872, 2873, 2874, 2875, 2876, 2877, 2878, 2879, 2880, 2881, 2882, 2883, 2884, 2885, 2886, 2887, 2888, 2889, 2890, 2891, 2892, 2893, 2894, 2895, 2896, 2897, 2898, 2899, 2900, 2901, 2902, 2903, 2908, 2909, 2910, 2911, 2912, 2913],
 'loan_1': [3008, 3009, 3010, 3011, 3022, 3023, 3034, 3035, 3044, 3045, 3052, 3053, 3054, 3055, 3056, 3057, 3058, 3059, 3060, 3061, 3064, 3065, 3066, 3067, 3068, 3069, 3080, 3081, 3082, 3083, 3084, 3085],
 'behavior_monitoring': [3086, 3092, 3100, 3103, 3104, 3105, 3108, 3109, 3113, 3116, 3117, 3119, 3120, 3123],
 'assets_maintenance': [3131, 3135, 3145, 3148, 3156],
 'station_weather': [3158, 3159, 3160, 3161, 3163, 3164, 3165, 3166, 3167, 3169, 3170],
 'college_1': [3181, 3182, 3191, 3192, 3195, 3196, 3197, 3198, 3201, 3202, 3215, 3216, 3219, 3220, 3221, 3222, 3223, 3224, 3233, 3234, 3237, 3238, 3239, 3240, 3241, 3242, 3249, 3250, 3251, 3252, 3269, 3270, 3271, 3272, 3287, 3288, 3295, 3296, 3301, 3302, 3307, 3308, 3323, 3324, 3327, 3328, 3333, 3334, 3335, 3336],
 'sports_competition': [3361, 3362, 3363, 3364, 3375, 3376, 3379, 3380],
 'manufacturer': [3389, 3391, 3394, 3400, 3401, 3402, 3403],
 'hr_1': [3411, 3412, 3413, 3414, 3415, 3416, 3417, 3418, 3419, 3420, 3423, 3424, 3425, 3426, 3427, 3428, 3435, 3436, 3437, 3438, 3439, 3440, 3443, 3444, 3445, 3446, 3447, 3448, 3449, 3450, 3451, 3452, 3453, 3454, 3457, 3458, 3465, 3466, 3469, 3470, 3471, 3472, 3473, 3474, 3475, 3476, 3477, 3478, 3481, 3482, 3483, 3484, 3487, 3488, 3489, 3490, 3495, 3496, 3497, 3498, 3499, 3500, 3501, 3502, 3503, 3504, 3505, 3506, 3507, 3508, 3509, 3510, 3511, 3512, 3513, 3514, 3515, 3516, 3519, 3520],
 'music_1': [3545, 3546, 3559, 3560, 3563, 3564, 3569, 3570, 3571, 3572, 3573, 3574, 3575, 3576, 3581, 3582, 3583, 3584, 3587, 3588, 3599, 3600, 3601, 3602, 3603, 3604, 3609, 3610, 3613, 3614, 3615, 3616, 3617, 3618, 3619, 3620],
 'mountain_photos': [3714, 3722, 3723],
 'program_share': [3742, 3743, 3744, 3745, 3748, 3749, 3750, 3751, 3764, 3765, 3766, 3767],
 'e_learning': [3792, 3793, 3796, 3797, 3844, 3845],
 'insurance_policies': [3850, 3851, 3860, 3861, 3862, 3863, 3868, 3869, 3872, 3873, 3882, 3883, 3896, 3897],
 'hospital_1': [3898, 3899, 3900, 3901, 3902, 3903, 3920, 3921, 3932, 3933, 3934, 3935, 3960, 3961, 3992, 3993],
 'ship_mission': [4016, 4017],
 'student_1': [4080, 4081, 4082, 4083, 4092, 4093],
 'company_employee': [4107],
 'film_rank': [4134, 4135, 4142, 4143, 4146, 4147, 4154, 4155, 4156, 4157, 4158, 4159],
 'cre_Doc_Tracking_DB': [4224, 4225, 4248, 4249],
 'club_1': [4258, 4259, 4260, 4261, 4262, 4263, 4264, 4265, 4266, 4267, 4268, 4269, 4270, 4271, 4272, 4273, 4274, 4275, 4276, 4277, 4278, 4279, 4294, 4295, 4296, 4297, 4298, 4299, 4300, 4301, 4302, 4303, 4304, 4305, 4306, 4307, 4308, 4309, 4310, 4311, 4312, 4313, 4314, 4315, 4316, 4317, 4318, 4319],
 'tracking_grants_for_research': [4324, 4325, 4326, 4327, 4328, 4329, 4338, 4339, 4340, 4341, 4342, 4343, 4346, 4347, 4348, 4349, 4356, 4357, 4374, 4375, 4376, 4377, 4382, 4383, 4384, 4385, 4392, 4393],
 'network_2': [4398, 4399, 4408, 4409, 4410, 4411, 4412, 4413, 4420, 4421, 4422, 4423, 4424, 4425, 4426, 4427, 4430, 4431, 4432, 4433, 4452, 4453, 4462, 4463, 4464, 4465, 4466, 4467, 4468, 4469, 4470, 4471, 4472, 4473, 4474, 4475, 4478, 4479, 4480, 4481],
 'decoration_competition': [],
 'document_management': [4505, 4506, 4509, 4510, 4515, 4516, 4517, 4518, 4519, 4520, 4521, 4522, 4523, 4524, 4527, 4528, 4531, 4532, 4533, 4534, 4535, 4536],
 'company_office': [4551, 4552, 4565, 4566],
 'solvency_ii': [4587, 4596, 4597],
 'entertainment_awards': [4606, 4618],
 'customers_campaigns_ecommerce': [4627, 4629],
 'college_3': [4647, 4648, 4659, 4660, 4671, 4672, 4677, 4678, 4689, 4690, 4691, 4692, 4699, 4700, 4701, 4702, 4707, 4708],
 'department_store': [4709, 4710, 4725, 4726, 4729, 4730, 4733, 4734, 4737, 4738, 4743, 4744, 4745, 4746, 4747, 4748, 4749, 4750, 4753, 4754, 4755, 4756, 4759, 4760, 4765, 4766, 4767, 4768, 4771, 4772, 4773, 4774, 4781, 4782, 4785, 4786, 4787, 4788],
 'aircraft': [4805, 4806, 4831, 4832, 4835, 4836, 4837, 4838, 4839, 4840, 4841, 4842],
 'local_govt_and_lot': [4846, 4850, 4852],
 'school_player': [],
 'store_product': [4900, 4901, 4912, 4913, 4916, 4917, 4918, 4919, 4920, 4921, 4922, 4923, 4924, 4925, 4928, 4929, 4938, 4939, 4940, 4941],
 'soccer_2': [4944, 4945, 4958, 4959, 4962, 4963, 4964, 4965, 4976, 4977, 4982, 4983, 4986, 4987, 4988, 4989, 4992, 4993, 4998, 4999, 5014, 5015, 5016, 5017, 5018, 5019, 5020, 5021, 5038, 5039, 5040, 5041, 5042, 5043, 5044, 5045, 5046, 5047, 5048, 5049],
 'device': [5074, 5075],
 'cre_Drama_Workshop_Groups': [5102, 5103, 5108, 5109, 5136, 5137, 5138, 5139, 5140, 5141, 5142, 5143, 5166, 5167],
 'music_2': [5176, 5177, 5204, 5205, 5236, 5237, 5242, 5243, 5258, 5259, 5268, 5269, 5270, 5271],
 'manufactory_1': [5278, 5279, 5282, 5283, 5288, 5289, 5292, 5293, 5300, 5301, 5302, 5303, 5304, 5305, 5306, 5307, 5308, 5309, 5310, 5311, 5312, 5313, 5314, 5315, 5316, 5317, 5328, 5329, 5338, 5339, 5340, 5341, 5342, 5343, 5344, 5345, 5348, 5349, 5350, 5351],
 'tracking_software_problems': [5370, 5371, 5382, 5383, 5384, 5385, 5388, 5389, 5390, 5391],
 'shop_membership': [5400, 5401, 5424, 5425, 5426, 5427, 5436, 5437, 5438, 5439],
 'voter_2': [5472, 5473, 5474, 5475, 5476, 5477, 5478, 5479, 5480, 5481, 5482, 5483, 5484, 5485, 5486, 5487, 5488, 5489, 5490, 5491, 5492, 5493, 5512, 5513],
 'products_gen_characteristics': [5534, 5535, 5542, 5543, 5544, 5545, 5546, 5547, 5548, 5549, 5550, 5551, 5552, 5553, 5554, 5555, 5556, 5557, 5558, 5559, 5560, 5561, 5562, 5563, 5564, 5565, 5566, 5567, 5568, 5569, 5570, 5571, 5572, 5573, 5574, 5575, 5576, 5577, 5584, 5585, 5586, 5587, 5588, 5589, 5590, 5591, 5592, 5593, 5594, 5595, 5598, 5599, 5600, 5601],
 'swimming': [5607, 5619, 5620, 5621, 5623, 5624, 5625, 5628, 5629, 5630],
 'railway': [5643],
 'customers_and_products_contacts': [5657, 5661, 5662, 5663, 5664, 5666],
 'dorm_1': [5676, 5677, 5678, 5679, 5680, 5681, 5682, 5683, 5686, 5687, 5688, 5689, 5690, 5691, 5694, 5695, 5712, 5713, 5714, 5715, 5720, 5721, 5722, 5723, 5726, 5727, 5728, 5729, 5732, 5733, 5734, 5735, 5744, 5745, 5746, 5747, 5748, 5749, 5756, 5757, 5762, 5763, 5764, 5765],
 'customer_complaints': [5772, 5773, 5774, 5775, 5776, 5777, 5778, 5779, 5780, 5781, 5784, 5785, 5792, 5793, 5794, 5795, 5800, 5801, 5802, 5803, 5806, 5807, 5810, 5811, 5812, 5813],
 'workshop_paper': [5822, 5823, 5828, 5829, 5836, 5837, 5838, 5839, 5840, 5841],
 'tracking_share_transactions': [5849, 5854, 5866, 5867, 5868, 5869, 5870, 5871, 5872, 5883],
 'cre_Theme_park': [5887, 5888, 5895, 5896, 5897, 5898, 5921, 5922, 5933, 5934, 5935, 5936, 5937, 5938, 5941, 5942, 5943, 5944, 5967, 5968],
 'game_1': [5985, 5986, 5995, 5996, 6007, 6008, 6009, 6010, 6013, 6014, 6015, 6016, 6017, 6018, 6029, 6030, 6031, 6032, 6033, 6034, 6039, 6040, 6041, 6042, 6043, 6044, 6045, 6046],
 'customers_and_addresses': [6059, 6060, 6067, 6068, 6077, 6078, 6079, 6080, 6081, 6082, 6083, 6084, 6085, 6086, 6093, 6094, 6095, 6096, 6097, 6098, 6099, 6100, 6101, 6102, 6103, 6104, 6105, 6106, 6107, 6108, 6109, 6110, 6111, 6112, 6113, 6114, 6115, 6116, 6121, 6122, 6123, 6124, 6125, 6126, 6127, 6128, 6129, 6130, 6131, 6132],
 'music_4': [],
 'roller_coaster': [6209, 6217, 6218],
 'ship_1': [6236, 6237, 6258, 6259, 6262, 6263, 6264, 6265],
 'city_record': [6302, 6303, 6306, 6307],
 'e_government': [6312, 6313, 6314, 6315, 6316, 6317, 6322, 6323, 6324, 6325, 6330, 6331, 6340, 6341, 6344, 6345, 6346, 6347],
 'school_bus': [6365],
 'flight_company': [6367, 6371, 6373, 6374, 6378, 6381],
 'cre_Docs_and_Epenses': [6461, 6462, 6463, 6464, 6467, 6468],
 'scientist_1': [6471, 6472, 6473, 6474, 6477, 6478, 6481, 6482, 6483, 6484, 6485, 6486, 6487, 6488, 6501, 6502, 6515, 6516],
 'wine_1': [6523, 6524, 6537, 6538, 6541, 6542, 6545, 6546, 6553, 6554, 6555, 6556, 6557, 6558, 6561, 6562, 6563, 6564, 6565, 6566, 6569, 6570, 6571, 6572, 6573, 6574, 6575, 6576, 6577, 6578, 6579, 6580, 6581, 6582, 6583, 6584, 6585, 6586, 6587, 6588, 6589, 6590, 6591, 6592, 6595, 6596],
 'train_station': [6604, 6605, 6609, 6611, 6612, 6620],
 'driving_school': [6646, 6647, 6656, 6657, 6678, 6679, 6690, 6691, 6702, 6703, 6704, 6705],
 'activity_1': [6737, 6738, 6743, 6744, 6745, 6746, 6769, 6770, 6779, 6780, 6781, 6782, 6783, 6784, 6791, 6792],
 'tracking_orders': [6897, 6898, 6899, 6900, 6917, 6918, 6919, 6920, 6923, 6924, 6927, 6928, 6931, 6932, 6941, 6942, 6943, 6944],
 'architecture': [6950, 6952, 6958, 6960, 6961],
 'culture_company': [],
 'geo': [7000, 7001, 7002, 7003, 7004, 7005, 7006, 7007, 7008, 7009, 7010, 7011, 7030, 7031, 7032, 7061, 7062, 7063, 7064, 7065, 7066, 7067, 7068, 7069, 7070, 7073, 7074, 7075, 7076, 7077, 7078, 7079, 7080, 7130, 7131, 7145, 7146, 7147, 7148, 7149, 7150, 7151, 7152, 7153, 7154, 7155, 7161, 7162, 7163, 7164, 7165, 7166, 7167, 7168, 7169, 7170, 7171, 7172, 7173, 7174, 7175, 7176, 7177, 7178, 7179, 7180, 7181, 7182, 7183, 7184, 7185, 7186, 7187, 7188, 7189, 7190, 7191, 7192, 7193, 7194, 7195, 7196, 7197, 7206, 7207, 7221, 7222, 7230, 7235, 7236, 7237, 7238, 7239, 7240, 7252, 7254, 7259, 7266, 7267, 7268, 7269, 7270, 7271, 7280, 7285, 7286, 7287, 7288, 7289, 7290, 7291, 7292, 7293, 7297, 7298, 7299, 7300, 7301, 7302, 7303, 7304, 7305, 7306, 7307, 7308, 7309, 7310, 7311, 7312, 7313, 7314, 7315, 7316, 7317, 7318, 7319, 7320, 7321, 7322, 7323, 7327, 7328, 7329, 7330, 7331, 7332, 7333, 7334, 7335, 7336, 7337, 7338, 7339, 7340, 7341, 7342, 7343, 7344, 7345, 7346, 7347, 7348, 7349, 7356, 7357, 7358, 7359, 7360, 7361, 7362, 7363, 7364, 7365, 7366, 7367, 7368, 7369, 7370, 7371, 7372, 7373, 7374, 7375, 7376, 7377, 7378, 7379, 7380, 7381, 7382, 7383, 7384, 7385, 7386, 7387, 7388, 7389, 7390, 7391, 7392, 7400, 7401, 7402, 7403, 7404, 7405, 7406, 7407, 7408, 7409, 7410, 7411, 7412, 7413, 7414, 7415, 7416, 7417, 7418, 7419, 7420, 7423, 7424, 7425, 7426, 7427, 7431, 7432, 7433, 7434, 7435, 7436, 7437, 7438, 7439, 7440, 7441, 7442, 7443, 7444, 7445, 7446, 7454, 7455, 7457, 7458, 7459, 7460, 7461, 7462, 7463, 7464, 7465, 7466, 7467, 7472, 7473, 7480, 7481, 7489, 7490, 7491, 7494, 7495, 7496, 7501, 7504, 7505, 7506, 7507, 7510, 7511, 7512, 7513, 7515, 7516, 7520, 7521, 7522, 7523, 7524, 7525, 7526, 7527, 7528, 7529, 7530, 7531, 7534, 7536, 7538, 7541, 7544, 7547, 7548, 7549, 7550, 7552, 7553, 7554, 7555, 7556, 7557, 7558, 7559, 7560, 7561, 7562, 7563],
 'scholar': [7564, 7565, 7566, 7567, 7568, 7569, 7570, 7571, 7572, 7573, 7574, 7575, 7576, 7577, 7578, 7579, 7580, 7581, 7582, 7583, 7584, 7585, 7586, 7587, 7588, 7589, 7590, 7591, 7592, 7593, 7594, 7595, 7596, 7597, 7598, 7599, 7600, 7601, 7602, 7603, 7604, 7605, 7606, 7607, 7608, 7609, 7610, 7611, 7612, 7613, 7614, 7615, 7616, 7617, 7618, 7619, 7620, 7621, 7622, 7623, 7624, 7625, 7626, 7627, 7628, 7629, 7630, 7631, 7632, 7633, 7634, 7635, 7636, 7637, 7638, 7639, 7640, 7641, 7642, 7643, 7644, 7645, 7646, 7647, 7648, 7649, 7650, 7653, 7654, 7655, 7656, 7657, 7658, 7659, 7660, 7661, 7662, 7663, 7664, 7665, 7666, 7667, 7668, 7669, 7670, 7671, 7672, 7673, 7674, 7675, 7676, 7677, 7678, 7679, 7680, 7681, 7682, 7683, 7684, 7685, 7686, 7687, 7688, 7689, 7690, 7691, 7692, 7693, 7694, 7695, 7696, 7697, 7698, 7699, 7700, 7701, 7702, 7703, 7704, 7705, 7706, 7707, 7708, 7709, 7710, 7711, 7712, 7713, 7714, 7715, 7716, 7717, 7718, 7719, 7720, 7721, 7722, 7723, 7724, 7725, 7726, 7727, 7728, 7729, 7730, 7731, 7732, 7733, 7734, 7735, 7736, 7737, 7738, 7739, 7740, 7741, 7742, 7743, 7744, 7745, 7746, 7747, 7748, 7749, 7750, 7751, 7752, 7753, 7754, 7755, 7756, 7757, 7758, 7759, 7760, 7761, 7762, 7763, 7764, 7765, 7766, 7767, 7768, 7769, 7770, 7771, 7772, 7773, 7774, 7775, 7776, 7777, 7778, 7779, 7780, 7781, 7782, 7783, 7784, 7785, 7786, 7787, 7788, 7789, 7790, 7791, 7792, 7793, 7794, 7795, 7796, 7797, 7798, 7799, 7800, 7801, 7802, 7803, 7804, 7805, 7806, 7807, 7808, 7809, 7810, 7811, 7812, 7813, 7814, 7815, 7816, 7817, 7818, 7819, 7820, 7821, 7822, 7823, 7824, 7825, 7826, 7827, 7828, 7829, 7830, 7831, 7832, 7833, 7834, 7835, 7836, 7837, 7838, 7839, 7840, 7841, 7842, 7843, 7844, 7845, 7846, 7847, 7848, 7849, 7850, 7851, 7852, 7853, 7854, 7855, 7856, 7857, 7858, 7859, 7860, 7861, 7862, 7863, 7864, 7865, 7866, 7867, 7868, 7869, 7870, 7871, 7872, 7873, 7874, 7875, 7876, 7877, 7878, 7879, 7880, 7881, 7882, 7883, 7884, 7885, 7886, 7887, 7888, 7889, 7890, 7891, 7892, 7893, 7894, 7895, 7896, 7897, 7898, 7899, 7900, 7901, 7902, 7903, 7904, 7905, 7906, 7907, 7908, 7909, 7910, 7911, 7912, 7913, 7914, 7915, 7916, 7917, 7918, 7919, 7920, 7921, 7922, 7923, 7924, 7925, 7926, 7927, 7928, 7929, 7930, 7931, 7932, 7933, 7934, 7935, 7936, 7937, 7938, 7939, 7940, 7941, 7942, 7943, 7944, 7945, 7946, 7947, 7948, 7949, 7950, 7951, 7952, 7953, 7954, 7955, 7958, 7959, 7960, 7961, 7962, 7963, 7964, 7965, 7966, 7967, 7968, 7969, 7970, 7971, 7972, 7973, 7974, 7975, 7976, 7977, 7978, 7979, 7980, 7981, 7982, 7983, 7984, 7986, 7987, 7988, 7989, 7990, 7991, 7992, 7993, 7994, 7995, 7996, 7997, 7998, 7999, 8000, 8001, 8002, 8003, 8004, 8005, 8006, 8007, 8008, 8009, 8010, 8011, 8012, 8013, 8014, 8015, 8016, 8017, 8018, 8019, 8020, 8021, 8022, 8025, 8026, 8027, 8028, 8029, 8030, 8031, 8032, 8033, 8034, 8035, 8036, 8037, 8038, 8039, 8040, 8041, 8042, 8043, 8044, 8045, 8046, 8047, 8048, 8049, 8050, 8051, 8052, 8053, 8054, 8055, 8056, 8057, 8058, 8059, 8060, 8061, 8062, 8063, 8064, 8065, 8066, 8067, 8068, 8069, 8070, 8071, 8072, 8073, 8074, 8075, 8076, 8077, 8078, 8079, 8080, 8081, 8082, 8083, 8084, 8085, 8086, 8087, 8088, 8089, 8090, 8091, 8092, 8093, 8095, 8096, 8097, 8098, 8099, 8100, 8101, 8103, 8104, 8105, 8106, 8107, 8108, 8109, 8110, 8111, 8112, 8113, 8114, 8115, 8116, 8117, 8119, 8120, 8121, 8122, 8124, 8126, 8127, 8128, 8129, 8130, 8131, 8132],
 'yelp': [8133, 8134, 8137, 8138, 8140, 8141, 8142, 8143, 8144, 8145, 8146, 8147, 8148, 8149, 8150, 8151, 8152, 8153, 8154, 8155, 8156, 8157, 8159, 8160, 8161, 8162, 8163, 8165, 8166, 8167, 8168, 8170, 8171, 8172, 8173, 8174, 8175, 8176, 8177, 8178, 8179, 8180, 8181, 8182, 8183, 8184, 8185, 8186, 8187, 8188, 8189, 8190, 8191, 8192, 8193, 8194, 8195, 8196, 8197, 8199, 8200, 8201, 8202, 8203, 8204, 8205, 8206, 8207, 8208, 8209, 8210, 8213, 8214, 8215, 8216, 8217, 8218, 8220, 8222, 8223, 8225, 8227, 8228, 8230, 8231, 8232, 8233, 8234, 8235, 8236, 8237, 8238, 8239, 8240, 8241, 8242, 8243],
 'academic': [8245, 8260, 8261, 8262, 8263, 8264, 8265, 8266, 8267, 8268, 8269, 8270, 8271, 8272, 8273, 8274, 8275, 8276, 8277, 8278, 8279, 8280, 8281, 8282, 8283, 8284, 8285, 8286, 8287, 8288, 8289, 8290, 8291, 8292, 8293, 8294, 8295, 8296, 8297, 8298, 8299, 8300, 8301, 8302, 8303, 8304, 8305, 8306, 8307, 8308, 8309, 8310, 8312, 8313, 8314, 8315, 8316, 8317, 8318, 8319, 8320, 8321, 8322, 8323, 8325, 8326, 8327, 8328, 8329, 8330, 8331, 8333, 8334, 8335, 8336, 8337, 8338, 8339, 8340, 8341, 8342, 8343, 8344, 8347, 8348, 8349, 8350, 8351, 8352, 8353, 8354, 8355, 8356, 8357, 8358, 8359, 8360, 8361, 8362, 8363, 8364, 8365, 8366, 8367, 8368, 8369, 8370, 8371, 8372, 8373, 8374, 8375, 8376, 8377, 8378, 8379, 8380, 8381, 8382, 8383, 8384, 8385, 8386, 8387, 8388, 8389, 8390, 8391, 8392, 8393, 8394, 8395, 8396, 8397, 8398, 8399, 8400, 8401, 8402, 8403, 8405, 8406, 8407, 8408, 8410, 8411, 8412, 8413, 8414, 8415, 8416, 8417, 8418, 8419, 8420, 8421, 8422, 8423, 8424],
 'imdb': [8445, 8446, 8447, 8448, 8454, 8455, 8456, 8457, 8462, 8463, 8467, 8469, 8470, 8471, 8476, 8478, 8479, 8484, 8493, 8495, 8498, 8502, 8505, 8513, 8514, 8515, 8516, 8517, 8526, 8527, 8530, 8531, 8532],
 'restaurants': [8534, 8535, 8536, 8537, 8538, 8539, 8540, 8541, 8542, 8543, 8544, 8545, 8546, 8547, 8548, 8549, 8550, 8551, 8552, 8553, 8554, 8555, 8556, 8557, 8558, 8559, 8560, 8561, 8562, 8563, 8564, 8565, 8566, 8567, 8568, 8569, 8570, 8571, 8572, 8573, 8574, 8575, 8576, 8577, 8578, 8579, 8580, 8581, 8582, 8583, 8584, 8585, 8586, 8587, 8588, 8589, 8590, 8591, 8592, 8593, 8594, 8595, 8596, 8597, 8598, 8599, 8600, 8601, 8602, 8603, 8604, 8605, 8606, 8607, 8608, 8609, 8610, 8611, 8612, 8613, 8614, 8615, 8616, 8617, 8618, 8619, 8620, 8621, 8622, 8623, 8624, 8625, 8626, 8627, 8628, 8629, 8630, 8631, 8632, 8633, 8634, 8635, 8636, 8637, 8638, 8639, 8640, 8641, 8642, 8643, 8644, 8645, 8646, 8647, 8648, 8649, 8650, 8651, 8652, 8653, 8654, 8655, 8656, 8657, 8658]}, {'concert_singer': [12, 13, 16, 20, 21, 25, 26, 27, 28, 29, 34, 43, 44],
 'pets_1': [49, 50, 61, 62, 65, 66, 71, 72, 73, 74, 77, 78, 80, 85, 86],
 'car_1': [97, 98, 101, 102, 109, 113, 114, 115, 116, 117, 118, 125, 126, 127, 128, 134, 135, 136, 139, 140, 155, 156, 159, 160, 161, 162, 167, 168, 177, 178],
 'flight_2': [191, 192, 213, 214, 225, 226, 227, 228],
 'employee_hire_evaluation': [275, 276, 277, 278, 279, 280, 281, 282, 283, 284, 285, 286, 287, 288, 289, 290, 291, 292],
 'cre_Doc_Template_Mgt': [335, 336, 361, 362, 367, 368, 377, 378],
 'course_teach': [395, 396],
 'museum_visit': [416, 418, 419, 420, 421, 422, 423, 424, 425, 427, 428],
 'battle_death': [493, 495, 496, 499, 500, 503],
 'student_transcripts_tracking': [516, 541, 542, 551, 552, 563, 564, 571, 572, 573, 574, 583, 584],
 'tvshow': [645, 646],
 'poker_player': [669, 670, 683, 684],
 'voter_1': [697],
 'orchestra': [844, 845, 860, 861],
 'network_1': [878, 879, 882, 883, 884, 885, 886, 887, 888, 889, 890, 891, 892, 893, 902, 903, 904, 905, 906, 907, 908, 909, 910, 911, 912, 913, 914, 915, 916, 917],
 'dog_kennels': [920, 921, 922, 923, 924, 925, 938, 939, 940, 941, 944, 945, 954, 955, 960, 961, 974, 975, 986, 987],
 'singer': [1016, 1017, 1024, 1025],
 'real_estate_properties': []}]